# Created by Octave 6.4.0, Wed May 18 12:40:10 2022 UTC <sail@0498c8881202>
# name: y
# type: matrix
# rows: 501
# columns: 1
 0
 -0.060460325181126158
 -0.071338750437303117
 -0.080008334085093849
 -0.086828509399091328
 -0.091794002790132279
 -0.094927871389294163
 -0.096282627560934211
 -0.095937690014799112
 -0.093996502587581882
 -0.090583414237693255
 -0.085840386665072044
 -0.079923594835419193
 -0.072999983737599319
 -0.065243841801030794
 -0.056833447648353234
 -0.047947842369410958
 -0.038763774393505201
 -0.029452858429487177
 -0.020178983960523741
 -0.01109600254445714
 -0.0023457168010237311
 0.0059438124213846005
 0.013659630505708897
 0.020704921067819765
 0.026999707240942389
 0.032481229446496146
 0.037104011882351906
 0.040839634492398053
 0.043676231171843424
 0.045617738374904668
 0.04668292110125892
 0.046904205432248949
 0.046326348365725134
 0.045004976668491528
 0.043005026846189121
 0.040399118149544597
 0.037265889828547047
 0.033688332654435021
 0.029752143101241413
 0.025544126566514974
 0.021150673670615558
 0.016656331063871127
 0.012142485350296911
 0.0076861757650383278
 0.0033590481788616233
 -0.00077354009628728682
 -0.0046532583072386446
 -0.0082293796828180055
 -0.011459197793146914
 -0.014308284094796411
 -0.016750591453447053
 -0.018768410750979306
 -0.0203521897466485
 -0.021500225152008209
 -0.022218240382089818
 -0.022518862652249408
 -0.022421013997754521
 -0.021949231403527392
 -0.021132931551303899
 -0.020005635732116334
 -0.018604170248818372
 -0.016967857165252648
 -0.015137709567560692
 -0.013155644613481607
 -0.011063726583652525
 -0.0089034509426594438
 -0.006715079095475987
 -0.0045370321158648697
 -0.0024053502559929357
 -0.00035322354895525598
 0.0015894026849620352
 0.0033961450961897399
 0.0050444214288800221
 0.0065156119757467934
 0.0077951451109860154
 0.0088725098241476397
 0.0097411992377076928
 0.010398590023091014
 0.010845763425695112
 0.011087274263501978
 0.011130874773283242
 0.010987200542940667
 0.010669425990374598
 0.010192896932900181
 0.0095747477431706168
 0.0088335104161901823
 0.0079887225872757456
 0.0070605411540527463
 0.0060693676791177958
 0.0050354911970313526
 0.0039787534335169877
 0.0029182407801003063
 0.0018720066679136227
 0.00085682726378058516
 -0.00011200731668065123
 -0.0010208648076458354
 -0.0018579048387095398
 -0.0026131751417919485
 -0.0032786704749161455
 -0.0038483554136002907
 -0.0043181527022194965
 -0.0046858993397259213
 -0.0049512729918855108
 -0.0051156916723637813
 -0.0051821899155605478
 -0.0051552748743395327
 -0.0050407659162220592
 -0.0048456213638665563
 -0.0045777560324384292
 -0.0042458531614325834
 -0.0038591742261240292
 -0.0034273699492728127
 -0.0029602956227630511
 -0.0024678335977249138
 -0.0019597255169069294
 -0.0014454165513531764
 -0.00093391357159101906
 -0.00043365883828318241
 4.7579554778076627e-05
 0.00050279960504086285
 0.00092583915977234588
 0.0013114313118516574
 0.001655241555946721
 0.0019538871279452669
 0.0022049392258796513
 0.0024069090583943992
 0.0025592188844647257
 0.0026621593936584087
 0.0027168349284618781
 0.0027250981684205228
 0.0026894759800377144
 0.0026130881870758405
 0.0024995610341769503
 0.0023529371041264985
 0.0021775834076060985
 0.0019780992962751681
 0.0017592257581591358
 0.0015257575415126706
 0.0012824594226776148
 0.0010339877881828802
 0.00078481854472665924
 0.00053918220602053313
 0.00030100683599451616
 7.3869356690570154e-05
 -0.00013904444071834166
 -0.00033497100916696221
 -0.00051159126977752545
 -0.00066704408364261225
 -0.0007999312475177045
 -0.00090931441632341459
 -0.00099470446799736212
 -0.0010560439237321251
 -0.0010936831182229295
 -0.0011083508797626873
 -0.0011011205287143749
 -0.0010733720351815274
 -0.0010267511929967499
 -0.0009631266680912437
 -0.0008845457657670891
 -0.00079318973442565888
 -0.00069132938413682399
 -0.00058128174842167479
 -0.00046536845823394457
 -0.00034587642989535039
 -0.00022502139525315545
 -0.00010491472417688275
 1.2466091721313743e-05
 0.00012530300802797434
 0.00023195884584419069
 0.00033099443767699299
 0.0004211814579634654
 0.00050151097033164505
 0.00057119779390076009
 0.00062968085536455054
 0.00067661975154058307
 0.0007118877978965904
 0.00073556188184120685
 0.00074790947499470128
 0.000749373186089905
 0.00074055325559387042
 0.00072218840471836854
 0.00069513545545767108
 0.00066034813502961753
 0.0006188554680645747
 0.00057174014365114767
 0.00052011722253215986
 0.00046511352303751918
 0.0004078479934750967
 0.00034941334443132355
 0.00029085917753360335
 0.00023317680846816902
 0.00017728594218867355
 0.00012402331802521815
 7.4133402509918289e-05
 2.8261168822971139e-05
 -1.3053035566035209e-05
 -4.9376566699566027e-05
 -8.0385573637847818e-05
 -0.00010586419556542215
 -0.00012570198871454663
 -0.00013988972807411904
 -0.00014851374785872229
 -0.00015174899987056845
 -0.00014985102015958873
 -0.00014314700181092266
 -0.00013202617535809646
 -0.00011692969839049994
 -9.8340252598902445e-05
 -7.6771540034784036e-05
 -5.2757861038296716e-05
 -2.684394443339122e-05
 4.2481345319256292e-07
 2.8511560263483338e-05
 5.689652620805008e-05
 8.508478483590376e-05
 0.00011261315012878192
 0.00013905614353110218
 0.0001640309839845977
 0.00018720157316436115
 0.00020828146660994973
 0.00022703583903706248
 0.00024328246855534474
 0.0002568917795997272
 0.00026778599792674773
 0.00027593748289719833
 0.00028136631235696485
 0.00028413720367233275
 0.00028435586084094022
 0.00028216484208747061
 0.00027773904499404922
 0.00027128090707345676
 0.0002630154188543038
 0.0002531850441248179
 0.00024204463810571786
 0.00022985644914419456
 0.00021688528319716016
 0.0002033939030828269
 0.0001896387263939231
 0.00017586587727358438
 0.00016230763813114557
 0.00014917933800229211
 0.00013667670480470295
 0.0001249736993730044
 0.00011422084002615795
 0.00010454401766707422
 9.6043793164232727e-05
 8.8795161127058764e-05
 8.2847757255671839e-05
 7.8226480294971146e-05
 7.4932494315782527e-05
 7.2944572615543657e-05
 7.2220741011527756e-05
 7.2700175687737123e-05
 7.4305309052488666e-05
 7.6944096237999138e-05
 8.0512394893067496e-05
 8.4896411734328159e-05
 8.9975170871919863e-05
 9.5622961143654317e-05
 0.00010171172250109106
 0.00010811333481207386
 0.00011470177618928823
 0.00012135512203939602
 0.00012795736035989269
 0.00013440000330819379
 0.00014058347964104878
 0.00014641829719273802
 0.0001518259690508339
 0.0001567397014266142
 0.000161104845340862
 0.00016487911809563716
 0.00016803260403257247
 0.00017054754724385446
 0.00017241795167423357
 0.00017364900640448599
 0.00017425635582563048
 0.00017426523588939813
 0.00017370949865595786
 0.00017263054796221033
 0.00017107620921770483
 0.0001690995561214742
 0.00016675771650803695
 0.00016411067860661044
 0.00016122011776707745
 0.00015814826221093037
 0.00015495681464203215
 0.00015170594464641862
 0.00014845336476092263
 0.00014525350094457545
 0.00014215676598094973
 0.00013920894211988388
 0.00013645067706589964
 0.00013391709527985074
 0.00013163752450594257
 0.00012963533550537643
 0.00012792789118831749
 0.00012652659971516822
 0.00012543706470163896
 0.00012465932442247418
 0.00012418817087851697
 0.00012401353877243559
 0.00012412095383468325
 0.0001244920295502272
 0.00012510500115071876
 0.00012593528574977864
 0.00012695605769906526
 0.00012813882861331671
 0.0001294540220409951
 0.00013087153342189461
 0.00013236126675973681
 0.00013389364032059814
 0.00013544005463102249
 0.00013697331707036853
 0.00013846801840956824
 0.00013990085772395966
 0.00014125091318047123
 0.00014249985725517389
 0.00014363211595262715
 0.00014463497256672619
 0.00014549861742342574
 0.00014621614587197185
 0.00014678350753141722
 0.00014719941044626095
 0.00014746518435353184
 0.00014758460770987469
 0.00014756370347018821
 0.00014741050884703455
 0.00014713482441881809
 0.00014674794799228452
 0.00014626239857157275
 0.0001456916356450122
 0.00014504977877950742
 0.00014435133222145957
 0.00014361091884854127
 0.00014284302740961985
 0.00014206177654110808
 0.00014128069856449155
 0.00014051254556553261
 0.00013976911973655193
 0.00013906112944134241
 0.00013839807194586384
 0.00013778814325580979
 0.00013723817501927471
 0.00013675359800206788
 0.00013633843122262679
 0.00013599529545567368
 0.00013572544947740295
 0.00013552884713637081
 0.00013540421309340966
 0.00013534913488474909
 0.0001353601688217354
 0.00013543295715140458
 0.00013556235386041893
 0.00013574255650979083
 0.00013596724153672191
 0.00013622970054873174
 0.00013652297526052515
 0.00013683998888230908
 0.00013717367195335839
 0.00013751708082353209
 0.00013786350721255169
 0.00013820657751653642
 0.00013854034078084054
 0.00013885934451034199
 0.00013915869774132339
 0.00013943412104516772
 0.00013968198337444004
 0.00013989932588640008
 0.00014008387309273618
 0.00014023403187470029
 0.0001403488790783225
 0.00014042813855359715
 0.00014047214863111002
 0.0001404818211314246
 0.00014045859308398079
 0.00014040437238581338
 0.00014032147866246958
 0.0001402125806013732
 0.00014008063101406121
 0.00013992880085028636
 0.00013976041333396694
 0.00013957887932149193
 0.00013938763489965145
 0.00013919008214410833
 0.00013898953385295398
 0.00013878916295688437
 0.00013859195718782247
 0.00013840067946714607
 0.00013821783434969648
 0.00013804564074187953
 0.00013788601099073983
 0.00013774053633090755
 0.00013761047856800102
 0.00013749676778070097
 0.00013740000573431166
 0.00013732047462002017
 0.00013725815066702174
 0.00013721272211907054
 0.00013718361102160737
 0.00013716999823482068
 0.00013717085106608462
 0.00013718495290705734
 0.00013721093426131981
 0.00013724730456116108
 0.00013729248419276641
 0.00013734483617952598
 0.0001374026970099862
 0.00013746440614104127
 0.00013752833375638152
 0.00013759290641356114
 0.00013765663026951702
 0.00013771811163307279
 0.00013777607465227659
 0.00013782937600372025
 0.00013787701650891382
 0.00013791814965916083
 0.00013795208708251849
 0.00013797830103741415
 0.00013799642406103763
 0.00013800624594224875
 0.00013800770822362807
 0.0001380008964668028
 0.00013798603054011871
 0.00013796345320489511
 0.00013793361729086406
 0.0001378970717567235
 0.00013785444693482918
 0.0001378064392549283
 0.00013775379573353896
 0.00013769729850379719
 0.00013763774964323239
 0.00013757595653762777
 0.00013751271799675169
 0.00013744881131130815
 0.0001373849804160443
 0.00013732192529335163
 0.00013726029272519147
 0.00013720066847081047
 0.00013714357092030338
 0.000137089446245936
 0.00013703866504639894
 0.00013699152045527907
 0.00013694822766066594
 0.00013690892476378447
 0.00013687367488450508
 0.00013684246940717792
 0.00013681523224644276
 0.00013679182500297982
 0.00013677205287081218
 0.00013675567115427334
 0.0001367423922495753
 0.00013673189294696741
 0.00013672382191226573
 0.00013671780721170868
 0.00013671346375093707
 0.00013671040050806937
 0.00013670822745071032
 0.00013670656203927656
 0.00013670503523048605
 0.00013670329690906868
 0.00013670102068905066
 0.00013669790804013426
 0.00013669369170851708
 0.00013668813841505312
 0.00013668105082721704
 0.00013667226881293459
 0.00013666166999690144
 0.00013664916964976903
 0.00013663471995065124
 0.00013661830867102431
 0.00013659995733585062
 0.00013657971892244714
 0.00013655767516258799
 0.00013653393351610588
 0.00013650862388531193
 0.00013648189514101072
 0.00013645391152893038
 0.00013642484902393059
 0.00013639489169647856
 0.00013636422815167804
 0.00013633304809644586
 0.0001363015390857536
 0.0001362698834913717
 0.00013623825573258475
 0.00013620681979925608
 0.0001361757270928049
 0.00013614511460297019
 0.00013611510343157496
 0.00013608579766843931
 0.00013605728361795744
 0.00013602962936920537
 0.00013600288469714505
 0.00013597708127745245
 0.00013595223319370908
 0.0001359283377108389
 0.0001359053762875484
 0.00013588331579597601
 0.00013586210991692327
 0.00013584170067670875
 0.00013582202009168598


